Densities in Fontenla Model 1001
Height, cm        Electron density  Proton density    Hydrogen density  Total Density, cm^(-3)
2.04e+08          4.51e+09          3.81e+09          3.81e+09          7.62e+09               
2.01e+08          5.17e+09          4.36e+09          4.36e+09          8.72e+09               
1.99e+08          5.96e+09          5.03e+09          5.03e+09          1.01e+10               
1.98e+08          6.86e+09          5.80e+09          5.80e+09          1.16e+10               
1.97e+08          7.89e+09          6.69e+09          6.69e+09          1.34e+10               
1.9675e+08          9.99e+04          9.05e+09          7.74e+09          7.74e+09          2.50e-01          
1.965e+08          9.55e+04          9.45e+09          8.12e+09          8.12e+09          2.49e-01          
1.9625e+08          9.07e+04          9.92e+09          8.58e+09          8.58e+09          2.48e-01          
1.958e+08          8.38e+04          1.07e+10          9.35e+09          9.35e+09          2.47e-01          
1.956e+08          7.58e+04          1.17e+10          1.04e+10          1.04e+10          2.45e-01          
1.954e+08          7.13e+04          1.24e+10          1.12e+10          1.12e+10          2.44e-01          
1.952e+08          6.61e+04          1.33e+10          1.21e+10          1.21e+10          2.43e-01          
1.9485e+08          6.01e+04          1.46e+10          1.33e+10          1.33e+10          2.43e-01          
1.9468e+08          5.32e+04          1.65e+10          1.51e+10          1.51e+10          2.43e-01          
1.9451e+08          4.93e+04          1.78e+10          1.63e+10          1.63e+10          2.43e-01          
1.9434e+08          4.53e+04          1.94e+10          1.78e+10          1.78e+10          2.43e-01          
1.9417e+08          4.11e+04          2.14e+10          1.96e+10          1.96e+10          2.43e-01          
1.9385e+08          3.65e+04          2.41e+10          2.21e+10          2.21e+10          2.43e-01          
1.9368e+08          3.21e+04          2.74e+10          2.52e+10          2.52e+10          2.43e-01          
1.9351e+08          2.79e+04          3.14e+10          2.90e+10          2.91e+10          2.42e-01          
1.9334e+08          2.40e+04          3.62e+10          3.37e+10          3.43e+10          2.40e-01          
1.9317e+08          2.03e+04          4.12e+10          3.99e+10          4.19e+10          2.32e-01          
1.9285e+08          1.78e+04          4.53e+10          4.48e+10          4.94e+10          2.23e-01          
1.9268e+08          1.62e+04          4.84e+10          4.82e+10          5.60e+10          2.17e-01          
1.9251e+08          1.44e+04          5.19e+10          5.17e+10          6.53e+10          2.07e-01          
1.9234e+08          1.30e+04          5.45e+10          5.44e+10          7.58e+10          1.96e-01          
1.9217e+08          1.16e+04          5.64e+10          5.63e+10          9.00e+10          1.81e-01          
1.9184e+08          1.06e+04          5.74e+10          5.73e+10          1.04e+11          1.67e-01          
1.9170e+08          9.70e+03          5.81e+10          5.80e+10          1.18e+11          1.56e-01          
1.9156e+08          9.16e+03          5.86e+10          5.84e+10          1.28e+11          1.48e-01          
1.9142e+08          8.72e+03          5.90e+10          5.89e+10          1.38e+11          1.42e-01          
1.9128e+08          8.32e+03          5.97e+10          5.96e+10          1.47e+11          1.37e-01          
1.9114e+08          8.02e+03          6.03e+10          6.02e+10          1.54e+11          1.34e-01          
1.9085e+08          7.65e+03          6.11e+10          6.09e+10          1.65e+11          1.29e-01          
1.9068e+08          7.25e+03          6.22e+10          6.21e+10          1.77e+11          1.25e-01          
1.9051e+08          6.85e+03          6.38e+10          6.37e+10          1.91e+11          1.21e-01          
1.9034e+08          6.80e+03          6.29e+10          6.28e+10          1.95e+11          1.18e-01          
1.9017e+08          6.75e+03          6.10e+10          6.09e+10          2.01e+11          1.14e-01      
1.89e+08          6.03e+10          6.01e+10          2.10e+11          2.70e+11               
1.87e+08          5.86e+10          5.85e+10          2.41e+11          3.00e+11               
1.83e+08          5.70e+10          5.69e+10          3.09e+11          3.66e+11               
1.70e+08          6.64e+10          6.62e+10          5.89e+11          6.55e+11               
1.58e+08          7.64e+10          7.61e+10          1.09e+12          1.17e+12               
1.46e+08          8.40e+10          8.36e+10          2.07e+12          2.15e+12               
1.34e+08          9.31e+10          9.24e+10          3.82e+12          3.91e+12               
1.24e+08          1.00e+11          9.93e+10          6.52e+12          6.62e+12               
1.15e+08          1.19e+11          1.17e+11          1.04e+13          1.05e+13               
1.06e+08          1.27e+11          1.25e+11          1.65e+13          1.66e+13               
1.00e+08          1.22e+11          1.18e+11          2.37e+13          2.38e+13               
9.60e+07          9.42e+10          8.95e+10          3.07e+13          3.08e+13               
9.30e+07          6.23e+10          5.64e+10          3.95e+13          3.96e+13               
9.10e+07          5.20e+10          4.48e+10          4.81e+13          4.81e+13               
8.85e+07          4.67e+10          3.71e+10          6.25e+13          6.25e+13               
8.70e+07          4.51e+10          3.29e+10          7.49e+13          7.49e+13               
8.60e+07          4.41e+10          3.03e+10          8.37e+13          8.38e+13               
8.50e+07          4.34e+10          2.78e+10          9.31e+13          9.32e+13               
8.30e+07          4.23e+10          2.38e+10          1.14e+14          1.14e+14               
8.00e+07          4.14e+10          1.88e+10          1.54e+14          1.54e+14               
7.70e+07          4.17e+10          1.46e+10          2.05e+14          2.05e+14               
7.35e+07          4.41e+10          1.02e+10          2.87e+14          2.87e+14               
6.80e+07          5.64e+10          4.33e+09          4.88e+14          4.88e+14               
6.25e+07          8.59e+10          1.41e+09          8.23e+14          8.23e+14               
5.70e+07          1.40e+11          1.23e+09          1.38e+15          1.38e+15               
5.19e+07          2.19e+11          2.16e+09          2.20e+15          2.20e+15               
4.85e+07          2.95e+11          3.22e+09          2.99e+15          2.99e+15               
4.48e+07          4.08e+11          4.75e+09          4.18e+15          4.18e+15               
3.98e+07          6.25e+11          7.41e+09          6.48e+15          6.48e+15               
3.47e+07          9.63e+11          1.24e+10          1.01e+16          1.01e+16               
3.00e+07          1.43e+12          2.11e+10          1.50e+16          1.50e+16               
2.50e+07          2.15e+12          4.12e+10          2.28e+16          2.28e+16               
2.00e+07          3.24e+12          1.00e+11          3.40e+16          3.40e+16               
1.75e+07          3.97e+12          1.67e+11          4.12e+16          4.12e+16               
1.50e+07          4.91e+12          3.04e+11          4.96e+16          4.96e+16               
1.25e+07          6.14e+12          5.97e+11          5.92e+16          5.92e+16               
1.00e+07          7.88e+12          1.23e+12          7.01e+16          7.01e+16               
7.50e+06          1.06e+13          2.74e+12          8.20e+16          8.20e+16               
5.00e+06          1.62e+13          6.85e+12          9.44e+16          9.44e+16               
3.50e+06          2.24e+13          1.22e+13          1.02e+17          1.02e+17               
2.00e+06          3.33e+13          2.21e+13          1.09e+17          1.09e+17               
9.50e+05          4.57e+13          3.38e+13          1.14e+17          1.14e+17               
-7.00e+04         6.47e+13          5.21e+13          1.18e+17          1.18e+17               
-1.00e+06         9.40e+13          8.07e+13          1.21e+17          1.21e+17               
-2.00e+06         1.51e+14          1.37e+14          1.23e+17          1.23e+17               
-3.00e+06         2.52e+14          2.37e+14          1.25e+17          1.25e+17               
-4.00e+06         4.17e+14          4.01e+14          1.26e+17          1.26e+17               
-5.00e+06         6.73e+14          6.55e+14          1.26e+17          1.27e+17               
-6.00e+06         1.05e+15          1.03e+15          1.27e+17          1.28e+17               
-7.00e+06         1.57e+15          1.55e+15          1.27e+17          1.28e+17               
-8.00e+06         2.24e+15          2.22e+15          1.27e+17          1.29e+17               
-9.00e+06         3.00e+15          2.98e+15          1.28e+17          1.31e+17               
-1.00e+07         3.81e+15          3.79e+15          1.29e+17          1.33e+17               
