100
-7900000.0   200000000.0   2100000.0   
-7.90000e+06   1.96926e-12   3.58219e-09   2.12539e-07   3.90111e-01   2.44958e+02   1.30029e+05   
-5.80000e+06   8.75071e-13   1.57368e-09   2.12203e-07   3.08280e-01   9.66238e+01   1.17809e+05   
-3.70000e+06   3.26591e-13   5.72827e-10   2.10362e-07   2.73708e-01   3.48689e+01   1.05652e+05   
-1.60000e+06   1.13796e-13   1.85430e-10   2.04499e-07   2.61038e-01   1.30539e+01   9.37165e+04   
+5.00000e+05   4.85308e-14   6.84259e-11   1.93708e-07   2.56368e-01   5.75043e+00   8.22601e+04   
+2.60000e+06   2.58854e-14   2.91459e-11   1.77636e-07   2.54227e-01   2.94329e+00   7.15766e+04   
+4.70000e+06   1.57453e-14   1.28594e-11   1.60447e-07   2.53029e-01   1.73479e+00   6.18499e+04   
+6.80000e+06   1.08736e-14   5.92341e-12   1.42749e-07   2.52263e-01   1.19441e+00   5.31270e+04   
+8.90000e+06   8.17859e-15   2.92654e-12   1.25694e-07   2.51715e-01   9.39798e-01   4.54039e+04   
+1.10000e+07   6.49639e-15   1.54074e-12   1.09646e-07   2.51293e-01   8.11274e-01   3.86331e+04   
+1.31000e+07   5.30098e-15   8.49235e-13   9.49542e-08   2.50954e-01   7.42514e-01   3.27468e+04   
+1.52000e+07   4.39731e-15   4.84684e-13   8.17842e-08   2.50675e-01   7.04138e-01   2.76620e+04   
+1.73000e+07   3.67843e-15   2.93040e-13   6.99807e-08   2.50442e-01   6.81762e-01   2.32957e+04   
+1.94000e+07   3.09894e-15   1.89169e-13   5.95845e-08   2.50247e-01   6.67889e-01   1.95682e+04   
+2.15000e+07   2.60977e-15   1.28194e-13   5.04719e-08   2.50083e-01   6.58759e-01   1.64018e+04   
+2.36000e+07   2.19683e-15   8.83332e-14   4.26738e-08   2.49945e-01   6.52529e-01   1.37220e+04   
+2.57000e+07   1.84984e-15   6.27493e-14   3.59841e-08   2.49828e-01   6.48183e-01   1.14590e+04   
+2.78000e+07   1.55866e-15   4.73752e-14   3.01812e-08   2.49730e-01   6.45014e-01   9.55547e+03   
+2.99000e+07   1.31331e-15   3.57678e-14   2.53141e-08   2.49648e-01   6.42622e-01   7.95887e+03   
+3.20000e+07   1.10092e-15   2.81476e-14   2.12145e-08   2.49578e-01   6.40783e-01   6.62024e+03   
+3.41000e+07   9.22647e-16   2.21968e-14   1.77780e-08   2.49520e-01   6.39335e-01   5.49842e+03   
+3.62000e+07   7.72495e-16   1.78260e-14   1.48342e-08   2.49471e-01   6.38184e-01   4.56017e+03   
+3.83000e+07   6.46530e-16   1.44205e-14   1.23566e-08   2.49430e-01   6.37256e-01   3.77789e+03   
+4.04000e+07   5.40932e-16   1.17501e-14   1.02887e-08   2.49396e-01   6.36503e-01   3.12638e+03   
+4.25000e+07   4.52221e-16   9.74830e-15   8.55843e-09   2.49368e-01   6.35884e-01   2.58415e+03   
+4.46000e+07   3.78058e-16   8.08754e-15   7.11912e-09   2.49344e-01   6.35371e-01   2.13311e+03   
+4.67000e+07   3.14649e-16   6.50715e-15   5.88968e-09   2.49324e-01   6.34951e-01   1.75884e+03   
+4.88000e+07   2.61755e-16   5.19940e-15   4.87022e-09   2.49307e-01   6.34615e-01   1.44928e+03   
+5.09000e+07   2.17764e-16   4.06305e-15   4.02947e-09   2.49293e-01   6.34348e-01   1.19324e+03   
+5.30000e+07   1.81143e-16   3.19967e-15   3.32944e-09   2.49282e-01   6.34139e-01   9.81522e+02   
+5.51000e+07   1.50664e-16   2.53752e-15   2.74771e-09   2.49272e-01   6.33974e-01   8.06682e+02   
+5.72000e+07   1.25286e-16   2.06757e-15   2.26647e-09   2.49264e-01   6.33842e-01   6.62424e+02   
+5.93000e+07   1.03970e-16   2.17825e-15   1.86055e-09   2.49258e-01   6.33719e-01   5.43690e+02   
+6.14000e+07   8.62798e-17   2.29485e-15   1.52732e-09   2.49252e-01   6.33591e-01   4.46221e+02   
+6.35000e+07   7.24872e-17   2.89209e-15   1.25246e-09   2.49248e-01   6.33442e-01   3.66247e+02   
+6.56000e+07   6.17302e-17   4.43874e-15   1.02589e-09   2.49244e-01   6.33231e-01   3.00699e+02   
+6.77000e+07   5.25696e-17   6.81251e-15   8.40301e-10   2.49241e-01   6.32907e-01   2.47009e+02   
+6.98000e+07   4.74026e-17   9.58667e-15   6.86444e-10   2.49238e-01   6.32435e-01   2.03084e+02   
+7.19000e+07   4.31527e-17   1.32968e-14   5.60508e-10   2.49235e-01   6.31777e-01   1.67209e+02   
+7.40000e+07   3.98525e-17   1.79576e-14   4.57763e-10   2.49233e-01   6.30878e-01   1.37914e+02   
+7.61000e+07   3.85367e-17   2.22690e-14   3.74079e-10   2.49231e-01   6.29720e-01   1.13981e+02   
+7.82000e+07   3.78766e-17   2.70192e-14   3.05981e-10   2.49228e-01   6.28302e-01   9.44161e+01   
+8.03000e+07   3.77940e-17   3.21957e-14   2.50088e-10   2.49226e-01   6.26599e-01   7.84180e+01   
+8.24000e+07   3.83673e-17   3.79744e-14   2.02611e-10   2.49224e-01   6.24580e-01   6.53939e+01   
+8.45000e+07   3.92818e-17   4.47276e-14   1.63898e-10   2.49222e-01   6.22201e-01   5.48494e+01   
+8.66000e+07   4.07165e-17   5.32467e-14   1.31043e-10   2.49219e-01   6.19382e-01   4.63640e+01   
+8.87000e+07   4.29082e-17   6.29976e-14   1.02427e-10   2.49217e-01   6.16037e-01   3.96470e+01   
+9.08000e+07   4.69632e-17   7.38114e-14   8.22012e-11   2.49214e-01   6.12101e-01   3.43353e+01   
+9.29000e+07   5.62410e-17   9.32560e-14   6.67588e-11   2.49212e-01   6.07295e-01   3.00497e+01   
+9.50000e+07   7.47628e-17   1.28343e-13   5.58803e-11   2.49208e-01   6.00920e-01   2.65214e+01   
+9.71000e+07   9.21350e-17   1.61524e-13   4.78482e-11   2.49203e-01   5.92580e-01   2.35371e+01   
+9.92000e+07   1.05533e-16   1.86753e-13   4.17696e-11   2.49197e-01   5.82560e-01   2.09588e+01   
+1.01300e+08   1.12106e-16   1.99849e-13   3.66698e-11   2.49191e-01   5.71438e-01   1.87021e+01   
+1.03400e+08   1.13693e-16   2.03921e-13   3.23047e-11   2.49184e-01   5.59821e-01   1.67177e+01   
+1.05500e+08   1.15303e-16   2.08076e-13   2.84593e-11   2.49178e-01   5.47968e-01   1.49695e+01   
+1.07600e+08   1.14359e-16   2.06634e-13   2.54380e-11   2.49171e-01   5.36037e-01   1.34189e+01   
+1.09700e+08   1.12636e-16   2.03469e-13   2.28408e-11   2.49165e-01   5.24238e-01   1.20299e+01   
+1.11800e+08   1.10939e-16   2.00353e-13   2.05087e-11   2.49158e-01   5.12620e-01   1.07827e+01   
+1.13900e+08   1.09267e-16   1.97285e-13   1.84148e-11   2.49152e-01   5.01180e-01   9.66292e+00   
+1.16000e+08   1.06327e-16   1.92162e-13   1.65248e-11   2.49146e-01   4.89976e-01   8.65770e+00   
+1.18100e+08   1.02097e-16   1.84947e-13   1.48190e-11   2.49140e-01   4.79126e-01   7.75594e+00   
+1.20200e+08   9.80362e-17   1.78002e-13   1.32893e-11   2.49134e-01   4.68684e-01   6.94727e+00   
+1.22300e+08   9.41367e-17   1.71318e-13   1.19175e-11   2.49129e-01   4.58634e-01   6.22207e+00   
+1.24400e+08   9.08337e-17   1.65614e-13   1.06806e-11   2.49123e-01   4.48941e-01   5.57192e+00   
+1.26500e+08   8.94801e-17   1.63128e-13   9.54632e-12   2.49118e-01   4.39483e-01   4.98999e+00   
+1.28600e+08   8.81467e-17   1.60679e-13   8.53252e-12   2.49113e-01   4.30167e-01   4.46986e+00   
+1.30700e+08   8.68331e-17   1.58267e-13   7.62638e-12   2.49108e-01   4.20991e-01   4.00497e+00   
+1.32800e+08   8.55391e-17   1.55892e-13   6.81647e-12   2.49103e-01   4.11952e-01   3.58945e+00   
+1.34900e+08   8.41566e-17   1.53395e-13   6.10577e-12   2.49098e-01   4.03054e-01   3.21768e+00   
+1.37000e+08   8.26554e-17   1.50731e-13   5.48497e-12   2.49093e-01   3.94305e-01   2.88421e+00   
+1.39100e+08   8.11809e-17   1.48114e-13   4.92729e-12   2.49089e-01   3.85707e-01   2.58465e+00   
+1.41200e+08   7.97327e-17   1.45543e-13   4.42631e-12   2.49084e-01   3.77258e-01   2.31555e+00   
+1.43300e+08   7.83103e-17   1.43016e-13   3.97627e-12   2.49079e-01   3.68956e-01   2.07381e+00   
+1.45400e+08   7.69134e-17   1.40533e-13   3.57198e-12   2.49075e-01   3.60799e-01   1.85664e+00   
+1.47500e+08   7.56171e-17   1.38198e-13   3.19732e-12   2.49070e-01   3.52780e-01   1.66189e+00   
+1.49600e+08   7.43725e-17   1.35943e-13   2.85786e-12   2.49066e-01   3.44893e-01   1.48768e+00   
+1.51700e+08   7.31484e-17   1.33725e-13   2.55444e-12   2.49062e-01   3.37134e-01   1.33197e+00   
+1.53800e+08   7.19445e-17   1.31544e-13   2.28324e-12   2.49058e-01   3.29503e-01   1.19279e+00   
+1.55900e+08   7.07603e-17   1.29398e-13   2.04083e-12   2.49054e-01   3.21995e-01   1.06839e+00   
+1.58000e+08   6.04863e-17   1.10728e-13   9.85711e-13   2.49050e-01   3.15087e-01   9.81315e-01   
+1.60100e+08   6.79079e-17   1.24220e-13   1.63788e-12   2.49046e-01   3.08327e-01   9.05834e-01   
+1.62200e+08   6.62611e-17   1.21227e-13   1.47062e-12   2.49042e-01   3.01266e-01   8.16402e-01   
+1.64300e+08   6.46542e-17   1.18306e-13   1.32045e-12   2.49039e-01   2.94375e-01   7.36103e-01   
+1.66400e+08   6.30862e-17   1.15455e-13   1.18561e-12   2.49035e-01   2.87649e-01   6.64004e-01   
+1.68500e+08   6.15563e-17   1.12673e-13   1.06454e-12   2.49031e-01   2.81086e-01   5.99267e-01   
+1.70600e+08   6.00617e-17   1.09957e-13   9.56796e-13   2.49028e-01   2.74681e-01   5.41113e-01   
+1.72700e+08   5.85988e-17   1.07300e-13   8.62111e-13   2.49024e-01   2.68430e-01   4.88783e-01   
+1.74800e+08   5.71715e-17   1.04708e-13   7.76796e-13   2.49021e-01   2.62331e-01   4.41632e-01   
+1.76900e+08   5.57790e-17   1.02179e-13   6.99924e-13   2.49018e-01   2.56379e-01   3.99146e-01   
+1.79000e+08   5.44204e-17   9.97102e-14   6.30659e-13   2.49015e-01   2.50570e-01   3.60865e-01   
+1.81100e+08   5.30949e-17   9.73014e-14   5.68249e-13   2.49012e-01   2.44902e-01   3.26373e-01   
+1.83200e+08   5.19954e-17   9.53042e-14   5.10735e-13   2.49008e-01   2.39361e-01   2.95330e-01   
+1.85300e+08   5.27566e-17   9.67019e-14   4.48256e-13   2.49005e-01   2.33837e-01   2.67740e-01   
+1.87400e+08   5.36872e-17   9.83779e-14   3.92366e-13   2.49002e-01   2.28225e-01   2.43556e-01   
+1.89500e+08   5.87879e-20   1.01165e-13   2.07066e-13   2.49001e-01   2.22484e-01   2.26310e-01   
+1.91600e+08   8.48188e-24   9.77760e-14   9.75426e-14   2.49001e-01   2.16760e-01   2.17546e-01   
+1.93700e+08   2.96864e-23   4.51431e-14   4.15267e-14   2.49001e-01   2.12649e-01   2.13545e-01   
+1.95800e+08   6.24904e-18   9.70121e-15   9.70649e-15   2.49001e-01   2.11071e-01   2.12071e-01   
+1.97900e+08   6.33707e-18   9.84069e-15   9.84605e-15   2.49000e-01   2.10508e-01   2.11509e-01   
+2.00000e+08   5.05659e-18   7.83294e-15   7.83721e-15   2.49000e-01   2.10000e-01   2.11000e-01   
